17
16
14
10
9
9
2
28
26
27
25
27
8
8
7
15
30
5
6
5
3
4
2
3
2
3
1
20
23
21
23
20
20
29
29
31
31
29
31
30
29
29
18
19
16
18
4
5
2
5
5
5
5
5
5
5
2
3
4
3
2
5
3
4
4
28
31
30
6
6
19
18
21
21
22
25
9
8
24
21
24
24
21
24
14
21
21
19
4
6
5
4
7
5
6
4
4
11
11
12
10
12
10
13
23
6
8
7
7
7
25
22
23
24
12
13
6
10
11
12
12
12
9
9
20
22
20
12
14
14
12
10
12
12
12
7
9
16
14
14
15
19
21
21
20
11
17
15
15
6
24
25
23
23
26
25
24
22
14
7
9
8
8
9
8
9
6
7
18
24
25
26
23
24
18
19
17
20
20
19
28
25
14
20
24
24
23
24
26
24
26
26
23
24
9
17
22
23
22
22
22
24
21
23
21
23
22
23
28
27
27
30
28
9
20
19
19
17
20
17
24
21
24
23
23
23
21
22
10
9
10
7
9
9
10
9
7
21
22
20
9
9
16
5
5
6
4
4
4
6
4
5
6
5
4
3
3
5
4
3
4
5
4
5
4
6
6
6
5
5
4
4
5
5
4
3
4
9
9
11
12
10
11
11
11
10
12
25
22
23
24
22
21
22
24
21
23
23
24
21
23
26
23
24
23
26
2
11
9
5
3
2
7
9
10
10
8
9
9
9
7
8
10
8
7
7
5
4
24
25
8
5
5
8
12
12
18
18
16
16
18
19
17
25
25
25
22
22
22
24
23
23
25
22
25
25
24
22
25
22
24
21
22
23
24
22
22
23
24
22
24
24
25
23
24
25
26
26
25
23
24
26
19
17
19
19
18
19
19
18
18
14
12
15
15
15
14
14
15
13
12
13
15
15
13
21
24
22
25
5
2
3
3
4
22
21
18
17
17
17
18
17
17
20
13
14
13
14
13
14
22
24
25
16
16
17
19
16
17
19
18
19
16
17
17
19
17
16
16
19
19
15
16
15
16
15
17
18
16
17
18
17
17
18
9
11
9
14
13
14
15
15
14
21
18
27
25
28
25
27
28
27
26
27
26
27
12
12
13
12
13
13
13
11
20
25
24
25
25
27
25
25
24
24
27
27
25
27
25
16
17
18
16
18
15
16
23
23
23
14
8
7
8
7
8
7
10
8
10
4
6
6
4
4
5
4
4
10
10
13
19
6
6
6
4
6
4
4
4
5
4
4
5
5
11
9
12
2
14
15
14
15
17
15
17
29
19
19
19
19
20
20
21
19
19
6
27
27
5
4
3
3
4
5
6
3
14
25
22
25
24
25
23
18
19
19
18
18
16
12
12
22
22
22
24
21
23
17
17
15
17
16
4
3
3
5
3
4
4
6
3
6
9
10
25
15
15
15
15
17
16
17
26
26
23
23
25
9
8
20
19
22
20
22
19
19
13
13
21
21
19
21
22
22
20
22
19
22
21
22
20
21
22
15
12
15
15
15
12
20
10
24
14
5
2
2
4
3
4
5
5
4
2
3
13
8
7
9
9
9
10
8
7
10
7
9
10
7
9
24
23
22
24
25
7
16
13
15
14
16
13
13
14
10
10
9
9
9
17
19
28
26
29
29
26
26
28
28
27
29
28
26
5
4
4
8
8
6
5
2
1
1
2
4
4
2
21
21
21
22
27
1
2
2
2
25
23
21
23
24
21
23
9
6
6
8
11
10
10
10
11
11
9
11
11
11
30
30
27
29
30
23
24
21
23
24
8
11
23
26
26
23
24
24
25
24
24
25
16
15
16
15
16
14
16
15
14
16
21
24
23
21
24
24
22
21
22
21
24
21
22
22
21
23
22
31
28
28
31
30
31
30
16
16
13
16
16
15
16
10
10
16
16
17
15
24
25
25
3
2
5
3
4
20
20
18
18
19
20
19
13
16
16
14
16
16
8
11
11
8
11
8
11
9
12
10
8
7
10
12
25
27
28
28
30
28
28
27
14
17
16
11
12
12
9
12
15
26
27
3
2
5
3
20
19
19
22
20
22
20
22
20
22
22
20
21
22
19
19
21
22
22
25
24
25
23
6
12
4
3
6
6
4
6
6
4
5
4
4
6
5
3
6
4
6
3
3
5
11
11
13
11
14
16
17
31
28
30
29
29
30
17
16
18
18
17
4
6
5
5
4
26
27
27
27
12
13
14
13
15
14
15
13
18
18
18
18
16
15
15
17
15
18
17
17
16
15
15
18
20